0 1 4 18 18 16 9 0 0 0 
2 0 5 19 19 17 8 1 1 1 
2 6 1 20 20 13 11 2 2 2 
4 7 0 21 21 12 10 3 3 3 
8 2 3 22 22 15 6 4 4 4 
9 4 2 23 23 14 7 5 5 5 
6 7 24 4 4 22 15 6 6 6 
8 6 25 5 5 23 14 7 7 7 
8 12 26 1 1 19 17 8 8 8 
10 13 27 0 0 18 16 9 9 9 
14 8 28 3 3 21 12 10 10 10 
15 10 29 2 2 20 13 11 11 11 
12 30 7 10 10 3 21 12 12 12 
14 31 6 11 11 2 20 13 13 13 
14 32 12 7 7 5 23 14 14 14 
16 33 13 6 6 4 22 15 15 15 
20 34 8 9 9 0 18 16 16 16 
21 35 10 8 8 1 19 17 17 17 
36 12 13 16 16 9 0 18 18 18 
37 14 12 17 17 8 1 19 19 19 
38 14 18 13 13 11 2 20 20 20 
39 16 19 12 12 10 3 21 21 21 
40 20 14 15 15 6 4 22 22 22 
41 21 16 14 14 7 5 23 23 23 
