194 0 194 33 0 33 91 0 91 288 0 288 0 0 0 0 0 0 
175 165 179 22 9 18 112 1 112 56 5 176 1 1 1 2 3 4 
181 166 185 28 10 24 27 6 63 315 2 315 2 2 2 3 4 1 
186 167 190 7 15 11 132 3 132 320 3 320 3 3 3 4 1 2 
168 172 8 37 12 30 136 4 136 324 4 324 4 4 4 1 2 3 
191 169 197 40 13 31 139 5 139 176 1 56 8 7 6 5 5 5 
192 170 199 42 14 32 63 2 27 328 6 328 5 8 7 6 6 6 
193 171 200 15 11 3 142 7 142 329 7 329 6 5 8 7 7 7 
4 168 172 44 16 34 143 8 143 330 8 330 7 6 5 8 8 8 
243 9 243 18 1 22 85 45 81 84 13 204 9 9 9 10 11 12 
258 10 258 24 2 28 14 50 46 371 10 371 10 10 10 11 12 9 
268 11 268 3 7 15 96 47 88 376 11 376 11 11 11 12 9 10 
222 16 38 30 4 37 100 48 89 380 12 380 12 12 12 9 10 11 
277 13 277 31 5 40 103 49 90 204 9 84 16 15 14 13 13 13 
279 14 279 32 6 42 50 46 10 384 14 384 13 16 15 14 14 14 
280 15 280 11 3 7 106 51 92 385 15 385 14 13 16 15 15 15 
38 12 222 34 8 44 107 52 93 386 16 386 15 14 13 16 16 16 
230 201 234 17 17 17 21 57 53 111 26 231 17 17 17 24 30 19 
235 202 239 1 22 9 117 54 109 116 31 236 18 18 18 25 18 25 
203 207 23 19 19 19 121 55 110 120 35 240 19 19 19 17 24 30 
240 204 246 20 20 20 124 56 111 20 20 20 23 22 21 26 31 35 
241 205 248 21 21 21 57 53 17 124 39 244 20 23 22 27 32 36 
242 206 249 9 18 1 127 58 113 125 40 245 21 20 23 28 33 37 
19 203 207 23 23 23 128 59 114 126 41 246 22 21 20 29 34 38 
250 208 254 2 28 10 32 68 60 426 24 426 24 24 24 30 19 17 
209 213 29 25 25 25 36 72 61 430 25 430 25 25 25 18 25 18 
255 210 261 26 26 26 39 75 62 231 17 111 29 28 27 31 35 20 
256 211 263 27 27 27 6 63 2 434 27 434 26 29 28 32 36 21 
257 212 264 10 24 2 42 78 64 435 28 435 27 26 29 33 37 22 
25 209 213 29 29 29 43 79 65 436 29 436 28 27 26 34 38 23 
214 218 34 4 37 12 146 66 130 440 30 440 30 30 30 19 17 24 
265 215 271 5 40 13 149 67 131 236 18 116 34 33 32 35 20 26 
266 216 273 6 42 14 68 60 24 444 32 444 31 34 33 36 21 27 
267 217 274 0 33 0 152 69 133 445 33 445 32 31 34 37 22 28 
30 214 218 8 44 16 153 70 134 446 34 446 33 32 31 38 23 29 
219 225 41 35 35 35 155 71 135 240 19 120 38 37 36 20 26 31 
220 227 43 36 36 36 72 61 25 450 36 450 35 38 37 21 27 32 
221 228 44 12 30 4 158 73 137 451 37 451 36 35 38 22 28 33 
12 222 16 38 38 38 159 74 138 452 38 452 37 36 35 23 29 34 
275 223 282 39 39 39 75 62 26 244 21 124 41 44 42 39 39 39 
276 224 283 13 31 5 161 76 140 245 22 125 43 40 43 40 40 40 
35 219 225 41 41 41 162 77 141 246 23 126 44 42 39 41 41 41 
278 226 284 14 32 6 78 64 28 456 42 456 39 41 44 42 42 42 
36 220 227 43 43 43 79 65 29 457 43 457 40 43 40 43 43 43 
37 221 228 16 34 8 164 80 144 458 44 458 42 39 41 44 44 44 
327 45 327 118 45 118 81 9 85 49 169 165 45 45 45 46 47 48 
342 46 342 133 46 133 10 14 50 294 166 285 46 46 46 47 48 45 
352 47 352 69 51 97 88 11 96 299 167 286 47 47 47 48 45 46 
306 52 74 147 48 147 89 12 100 303 168 287 48 48 48 45 46 47 
361 49 361 150 49 150 90 13 103 169 165 45 52 51 50 49 49 49 
363 50 363 152 50 152 46 10 14 307 170 289 49 52 51 50 50 50 
364 51 364 97 47 69 92 15 106 308 171 290 50 49 52 51 51 51 
74 48 306 154 52 154 93 16 107 309 172 291 51 50 49 52 52 52 
314 285 318 113 81 109 17 21 57 62 182 173 53 53 53 60 66 55 
319 286 323 58 86 82 109 18 117 67 187 174 54 54 54 61 54 61 
287 291 59 122 83 115 110 19 121 71 191 175 55 55 55 53 60 66 
324 288 330 125 84 116 111 20 124 5 176 1 59 58 57 62 67 71 
325 289 332 127 85 117 53 17 21 75 195 177 56 59 58 63 68 72 
326 290 333 86 82 54 113 22 127 76 196 178 57 56 59 64 69 73 
55 287 291 129 87 119 114 23 128 77 197 179 58 57 56 65 70 74 
334 292 338 64 92 88 24 32 68 335 180 313 60 60 60 66 55 53 
293 297 65 137 89 130 25 36 72 339 181 314 61 61 61 54 61 54 
339 294 345 140 90 131 26 39 75 182 173 53 65 64 63 67 71 56 
340 295 347 142 91 132 2 27 6 343 183 316 62 65 64 68 72 57 
341 296 348 92 88 60 28 42 78 344 184 317 63 62 65 69 73 58 
61 293 297 144 93 134 29 43 79 345 185 318 64 63 62 70 74 59 
298 302 70 73 101 94 130 30 146 349 186 319 66 66 66 55 53 60 
349 299 355 76 104 95 131 31 149 187 174 54 70 69 68 71 56 62 
350 300 357 78 106 96 60 24 32 353 188 321 67 70 69 72 57 63 
351 301 358 51 97 47 133 33 152 354 189 322 68 67 70 73 58 64 
66 298 302 80 108 98 134 34 153 355 190 323 69 68 67 74 59 65 
303 309 77 156 99 145 135 35 155 191 175 55 74 73 72 56 62 67 
304 311 79 158 100 146 61 25 36 359 192 325 71 74 73 57 63 68 
305 312 80 101 94 66 137 37 158 360 193 326 72 71 74 58 64 69 
48 306 52 160 102 148 138 38 159 361 194 327 73 72 71 59 65 70 
359 307 366 161 103 149 62 26 39 195 177 57 77 80 78 75 75 75 
360 308 367 104 95 67 140 40 161 196 178 58 79 76 79 76 76 76 
71 303 309 163 105 151 141 41 162 197 179 59 80 78 75 77 77 77 
362 310 368 106 96 68 64 28 42 365 198 331 75 77 80 78 78 78 
72 304 311 164 107 153 65 29 43 366 199 332 76 79 76 79 79 79 
73 305 312 108 98 70 144 44 164 367 200 333 78 75 77 80 80 80 
433 81 433 109 53 113 9 85 45 90 210 201 81 81 81 88 94 83 
443 82 443 54 58 86 82 82 82 95 215 202 82 82 82 89 82 89 
383 87 123 115 55 122 83 83 83 99 219 203 83 83 83 81 88 94 
452 84 452 116 56 125 84 84 84 13 204 9 87 86 85 90 95 99 
454 85 454 117 57 127 45 81 9 103 223 205 84 87 86 91 96 100 
455 86 455 82 54 58 86 86 86 104 224 206 85 84 87 92 97 101 
123 83 383 119 59 129 87 87 87 105 225 207 86 85 84 93 98 102 
463 88 463 60 64 92 11 96 47 391 208 369 88 88 88 94 83 81 
398 93 138 130 61 137 12 100 48 395 209 370 89 89 89 82 89 82 
472 90 472 131 62 140 13 103 49 210 201 81 93 92 91 95 99 84 
474 91 474 132 63 142 0 91 0 399 211 372 90 93 92 96 100 85 
475 92 475 88 60 64 15 106 51 400 212 373 91 90 93 97 101 86 
138 89 398 134 65 144 16 107 52 401 213 374 92 91 90 98 102 87 
408 98 148 66 73 101 94 94 94 405 214 375 94 94 94 83 81 88 
482 95 482 67 76 104 95 95 95 215 202 82 98 97 96 99 84 90 
484 96 484 68 78 106 47 88 11 409 216 377 95 98 97 100 85 91 
485 97 485 47 69 51 97 97 97 410 217 378 96 95 98 101 86 92 
148 94 408 70 80 108 98 98 98 411 218 379 97 96 95 102 87 93 
417 105 157 145 71 156 99 99 99 219 203 83 102 101 100 84 90 95 
419 107 159 146 72 158 48 89 12 415 220 381 99 102 101 85 91 96 
420 108 160 94 66 73 101 101 101 416 221 382 100 99 102 86 92 97 
102 102 102 148 74 160 102 102 102 417 222 383 101 100 99 87 93 98 
491 103 491 149 75 161 49 90 13 223 205 85 105 108 106 103 103 103 
492 104 492 95 67 76 104 104 104 224 206 86 107 104 107 104 104 104 
157 99 417 151 77 163 105 105 105 225 207 87 108 106 103 105 105 105 
493 106 493 96 68 78 51 92 15 421 226 387 103 105 108 106 106 106 
159 100 419 153 79 164 52 93 16 422 227 388 104 107 104 107 107 107 
160 101 420 98 70 80 108 108 108 423 228 389 106 103 105 108 108 108 
425 369 429 53 113 81 18 117 54 131 251 229 109 109 109 130 115 110 
370 374 114 110 110 110 19 121 55 135 255 230 110 110 110 109 130 115 
430 371 436 111 111 111 20 124 56 26 231 17 114 113 112 131 145 120 
431 372 438 112 112 112 1 112 1 139 259 232 111 114 113 132 146 121 
432 373 439 81 109 53 22 127 58 140 260 233 112 111 114 133 147 122 
110 370 374 114 114 114 23 128 59 141 261 234 113 112 111 134 148 123 
375 379 119 55 122 83 115 115 115 145 265 235 115 115 115 110 109 130 
440 376 446 56 125 84 116 116 116 31 236 18 119 118 117 135 116 135 
441 377 448 57 127 85 54 109 18 149 269 237 116 119 118 136 117 136 
442 378 449 45 118 45 118 118 118 150 270 238 117 116 119 137 118 137 
115 375 379 59 129 87 119 119 119 151 271 239 118 117 116 138 119 138 
380 386 126 120 120 120 120 120 120 35 240 19 123 122 121 111 131 145 
381 388 128 121 121 121 55 110 19 155 275 241 120 123 122 112 132 146 
382 389 129 83 115 55 122 122 122 156 276 242 121 120 123 113 133 147 
83 383 87 123 123 123 123 123 123 157 277 243 122 121 120 114 134 148 
450 384 457 124 124 124 56 111 20 39 244 21 126 129 127 139 149 155 
451 385 458 84 116 56 125 125 125 40 245 22 128 125 128 140 150 156 
120 380 386 126 126 126 126 126 126 41 246 23 129 127 124 141 151 157 
453 387 459 85 117 57 58 113 22 161 281 247 124 126 129 142 152 158 
121 381 388 128 128 128 59 114 23 162 282 248 125 128 125 143 153 159 
122 382 389 87 119 59 129 129 129 163 283 249 127 124 126 144 154 160 
390 394 134 61 137 89 30 146 66 460 250 425 130 130 130 115 110 109 
460 391 466 62 140 90 31 149 67 251 229 109 134 133 132 145 120 111 
461 392 468 63 142 91 3 132 3 464 252 427 131 134 133 146 121 112 
462 393 469 46 133 46 33 152 69 465 253 428 132 131 134 147 122 113 
130 390 394 65 144 93 34 153 70 466 254 429 133 132 131 148 123 114 
395 401 141 135 135 135 35 155 71 255 230 110 138 137 136 116 135 116 
396 403 143 136 136 136 4 136 4 470 256 431 135 138 137 117 136 117 
397 404 144 89 130 61 37 158 73 471 257 432 136 135 138 118 137 118 
89 398 93 138 138 138 38 159 74 472 258 433 137 136 135 119 138 119 
470 399 477 139 139 139 5 139 5 259 232 112 141 144 142 149 155 124 
471 400 478 90 131 62 40 161 76 260 233 113 143 140 143 150 156 125 
135 395 401 141 141 141 41 162 77 261 234 114 144 142 139 151 157 126 
473 402 479 91 132 63 7 142 7 476 262 437 139 141 144 152 158 127 
136 396 403 143 143 143 8 143 8 477 263 438 140 143 140 153 159 128 
137 397 404 93 134 65 44 164 80 478 264 439 142 139 141 154 160 129 
405 411 151 71 156 99 145 145 145 265 235 115 148 147 146 120 111 131 
406 413 153 72 158 100 66 130 30 480 266 441 145 148 147 121 112 132 
407 414 154 48 147 48 147 147 147 481 267 442 146 145 148 122 113 133 
94 408 98 74 160 102 148 148 148 482 268 443 147 146 145 123 114 134 
480 409 487 75 161 103 67 131 31 269 237 117 151 154 152 155 124 139 
481 410 488 49 150 49 150 150 150 270 238 118 153 150 153 156 125 140 
145 405 411 77 163 105 151 151 151 271 239 119 154 152 149 157 126 141 
483 412 489 50 152 50 69 133 33 486 272 447 149 151 154 158 127 142 
146 406 413 79 164 107 70 134 34 487 273 448 150 153 150 159 128 143 
147 407 414 52 154 52 154 154 154 488 274 449 152 149 151 160 129 144 
415 422 162 155 155 155 71 135 35 275 241 121 157 160 158 124 139 149 
416 423 163 99 145 71 156 156 156 276 242 122 159 156 159 125 140 150 
99 417 105 157 157 157 157 157 157 277 243 123 160 158 155 126 141 151 
418 424 164 100 146 72 73 137 37 490 278 453 155 157 160 127 142 152 
100 419 107 159 159 159 74 138 38 491 279 454 156 159 156 128 143 153 
101 420 108 102 148 74 160 160 160 492 280 455 158 155 157 129 144 154 
490 421 494 103 149 75 76 140 40 281 247 127 162 163 164 161 161 161 
155 415 422 162 162 162 77 141 41 282 248 128 163 164 161 162 162 162 
156 416 423 105 151 77 163 163 163 283 249 129 164 161 162 163 163 163 
158 418 424 107 153 79 80 144 44 494 284 459 161 162 163 164 164 164 
179 1 175 238 165 238 372 165 372 45 49 169 165 165 165 166 167 168 
185 2 181 253 166 253 211 170 295 285 46 294 166 166 166 167 168 165 
190 3 186 189 171 217 392 167 392 286 47 299 167 167 167 168 165 166 
172 8 4 267 168 267 396 168 396 287 48 303 168 168 168 165 166 167 
197 5 191 270 169 270 399 169 399 165 45 49 172 171 170 169 169 169 
199 6 192 272 170 272 295 166 211 289 50 307 169 172 171 170 170 170 
200 7 193 217 167 189 402 171 402 290 51 308 170 169 172 171 171 171 
8 4 168 274 172 274 403 172 403 291 52 309 171 170 169 172 172 172 
173 173 173 233 201 229 232 177 316 53 62 182 173 173 173 180 186 175 
174 174 174 178 206 202 427 174 427 54 67 187 174 174 174 181 174 181 
165 179 1 242 203 235 431 175 431 55 71 191 175 175 175 173 180 186 
176 176 176 245 204 236 434 176 434 1 56 5 179 178 177 182 187 191 
177 177 177 247 205 237 316 173 232 57 75 195 176 179 178 183 188 192 
178 178 178 206 202 174 437 178 437 58 76 196 177 176 179 184 189 193 
1 175 165 249 207 239 438 179 438 59 77 197 178 177 176 185 190 194 
180 180 180 184 212 208 252 188 336 313 60 335 180 180 180 186 175 173 
166 185 2 257 209 250 256 192 340 314 61 339 181 181 181 174 181 174 
182 182 182 260 210 251 259 195 343 173 53 62 185 184 183 187 191 176 
183 183 183 262 211 252 183 183 183 316 63 343 182 185 184 188 192 177 
184 184 184 212 208 180 262 198 346 317 64 344 183 182 185 189 193 178 
2 181 166 264 213 254 263 199 347 318 65 345 184 183 182 190 194 179 
167 190 3 193 221 214 461 186 461 319 66 349 186 186 186 175 173 180 
187 187 187 196 224 215 464 187 464 174 54 67 190 189 188 191 176 182 
188 188 188 198 226 216 336 180 252 321 68 353 187 190 189 192 177 183 
189 189 189 171 217 167 467 189 467 322 69 354 188 187 190 193 178 184 
3 186 167 200 228 218 468 190 468 323 70 355 189 188 187 194 179 185 
169 197 5 276 219 265 470 191 470 175 55 71 194 193 192 176 182 187 
170 199 6 278 220 266 340 181 256 325 72 359 191 194 193 177 183 188 
171 200 7 221 214 186 473 193 473 326 73 360 192 191 194 178 184 189 
0 194 0 280 222 268 474 194 474 327 74 361 193 192 191 179 185 190 
195 195 195 281 223 269 343 182 259 177 57 75 197 200 198 195 195 195 
196 196 196 224 215 187 476 196 476 178 58 76 199 196 199 196 196 196 
5 191 169 283 225 271 477 197 477 179 59 77 200 198 195 197 197 197 
198 198 198 226 216 188 346 184 262 331 78 365 195 197 200 198 198 198 
6 192 170 284 227 273 347 185 263 332 79 366 196 199 196 199 199 199 
7 193 171 228 218 190 479 200 479 333 80 367 198 195 197 200 200 200 
234 17 230 229 173 233 205 289 285 81 90 210 201 201 201 208 214 203 
239 18 235 174 178 206 377 286 369 82 95 215 202 202 202 209 202 209 
207 23 19 235 175 242 381 287 370 83 99 219 203 203 203 201 208 214 
246 20 240 236 176 245 384 288 371 9 84 13 207 206 205 210 215 219 
248 21 241 237 177 247 289 285 201 85 103 223 204 207 206 211 216 220 
249 22 242 202 174 178 387 290 373 86 104 224 205 204 207 212 217 221 
23 19 203 239 179 249 388 291 374 87 105 225 206 205 204 213 218 222 
254 24 250 180 184 212 216 300 292 369 88 391 208 208 208 214 203 201 
213 29 25 250 181 257 220 304 293 370 89 395 209 209 209 202 209 202 
261 26 255 251 182 260 223 307 294 201 81 90 213 212 211 215 219 204 
263 27 256 252 183 262 170 295 166 372 91 399 210 213 212 216 220 205 
264 28 257 208 180 184 226 310 296 373 92 400 211 210 213 217 221 206 
29 25 209 254 185 264 227 311 297 374 93 401 212 211 210 218 222 207 
218 34 30 186 193 221 406 298 390 375 94 405 214 214 214 203 201 208 
271 31 265 187 196 224 409 299 391 202 82 95 218 217 216 219 204 210 
273 32 266 188 198 226 300 292 208 377 96 409 215 218 217 220 205 211 
274 33 267 167 189 171 412 301 393 378 97 410 216 215 218 221 206 212 
34 30 214 190 200 228 413 302 394 379 98 411 217 216 215 222 207 213 
225 41 35 265 191 276 415 303 395 203 83 99 222 221 220 204 210 215 
227 43 36 266 192 278 304 293 209 381 100 415 219 222 221 205 211 216 
228 44 37 214 186 193 418 305 397 382 101 416 220 219 222 206 212 217 
16 38 12 268 194 280 419 306 398 383 102 417 221 220 219 207 213 218 
282 39 275 269 195 281 307 294 210 205 85 103 225 228 226 223 223 223 
283 40 276 215 187 196 421 308 400 206 86 104 227 224 227 224 224 224 
41 35 219 271 197 283 422 309 401 207 87 105 228 226 223 225 225 225 
284 42 278 216 188 198 310 296 212 387 106 421 223 225 228 226 226 226 
43 36 220 273 199 284 311 297 213 388 107 422 224 227 224 227 227 227 
44 37 221 218 190 200 424 312 404 389 108 423 226 223 225 228 228 228 
229 229 229 173 233 201 237 321 313 109 131 251 229 229 229 250 235 230 
201 234 17 230 230 230 241 325 314 110 135 255 230 230 230 229 250 235 
231 231 231 231 231 231 244 328 315 17 111 26 234 233 232 251 265 240 
232 232 232 232 232 232 177 316 173 112 139 259 231 234 233 252 266 241 
233 233 233 201 229 173 247 331 317 113 140 260 232 231 234 253 267 242 
17 230 201 234 234 234 248 332 318 114 141 261 233 232 231 254 268 243 
202 239 18 175 242 203 441 319 425 115 145 265 235 235 235 230 229 250 
236 236 236 176 245 204 444 320 426 18 116 31 239 238 237 255 236 255 
237 237 237 177 247 205 321 313 229 117 149 269 236 239 238 256 237 256 
238 238 238 165 238 165 447 322 428 118 150 270 237 236 239 257 238 257 
18 235 202 179 249 207 448 323 429 119 151 271 238 237 236 258 239 258 
204 246 20 240 240 240 450 324 430 19 120 35 243 242 241 231 251 265 
205 248 21 241 241 241 325 314 230 121 155 275 240 243 242 232 252 266 
206 249 22 203 235 175 453 326 432 122 156 276 241 240 243 233 253 267 
9 243 9 243 243 243 454 327 433 123 157 277 242 241 240 234 254 268 
244 244 244 244 244 244 328 315 231 21 124 39 246 249 247 259 269 275 
245 245 245 204 236 176 456 329 435 22 125 40 248 245 248 260 270 276 
20 240 204 246 246 246 457 330 436 23 126 41 249 247 244 261 271 277 
247 247 247 205 237 177 331 317 233 127 161 281 244 246 249 262 272 278 
21 241 205 248 248 248 332 318 234 128 162 282 245 248 245 263 273 279 
22 242 206 207 239 179 459 333 439 129 163 283 247 244 246 264 274 280 
208 254 24 181 257 209 266 350 334 425 130 460 250 250 250 235 230 229 
251 251 251 182 260 210 269 353 335 229 109 131 254 253 252 265 240 231 
252 252 252 183 262 211 188 336 180 427 132 464 251 254 253 266 241 232 
253 253 253 166 253 166 272 356 337 428 133 465 252 251 254 267 242 233 
24 250 208 185 264 213 273 357 338 429 134 466 253 252 251 268 243 234 
210 261 26 255 255 255 275 359 339 230 110 135 258 257 256 236 255 236 
211 263 27 256 256 256 192 340 181 431 136 470 255 258 257 237 256 237 
212 264 28 209 250 181 278 362 341 432 137 471 256 255 258 238 257 238 
10 258 10 258 258 258 279 363 342 433 138 472 257 256 255 239 258 239 
259 259 259 259 259 259 195 343 182 232 112 139 261 264 262 269 275 244 
260 260 260 210 251 182 281 365 344 233 113 140 263 260 263 270 276 245 
26 255 210 261 261 261 282 366 345 234 114 141 264 262 259 271 277 246 
262 262 262 211 252 183 198 346 184 437 142 476 259 261 264 272 278 247 
27 256 211 263 263 263 199 347 185 438 143 477 260 263 260 273 279 248 
28 257 212 213 254 185 284 368 348 439 144 478 262 259 261 274 280 249 
215 271 31 191 276 219 480 349 460 235 115 145 268 267 266 240 231 251 
216 273 32 192 278 220 350 334 250 441 146 480 265 268 267 241 232 252 
217 274 33 168 267 168 483 351 462 442 147 481 266 265 268 242 233 253 
11 268 11 194 280 222 484 352 463 443 148 482 267 266 265 243 234 254 
269 269 269 195 281 223 353 335 251 237 117 149 271 274 272 275 244 259 
270 270 270 169 270 169 486 354 465 238 118 150 273 270 273 276 245 260 
31 265 215 197 283 225 487 355 466 239 119 151 274 272 269 277 246 261 
272 272 272 170 272 170 356 337 253 447 152 486 269 271 274 278 247 262 
32 266 216 199 284 227 357 338 254 448 153 487 270 273 270 279 248 263 
33 267 217 172 274 172 489 358 469 449 154 488 272 269 271 280 249 264 
223 282 39 275 275 275 359 339 255 241 121 155 277 280 278 244 259 269 
224 283 40 219 265 191 490 360 471 242 122 156 279 276 279 245 260 270 
13 277 13 277 277 277 491 361 472 243 123 157 280 278 275 246 261 271 
226 284 42 220 266 192 362 341 257 453 158 490 275 277 280 247 262 272 
14 279 14 279 279 279 363 342 258 454 159 491 276 279 276 248 263 273 
15 280 15 222 268 194 493 364 475 455 160 492 278 275 277 249 264 274 
281 281 281 223 269 195 365 344 260 247 127 161 282 283 284 281 281 281 
39 275 223 282 282 282 366 345 261 248 128 162 283 284 281 282 282 282 
40 276 224 225 271 197 494 367 478 249 129 163 284 281 282 283 283 283 
42 278 226 227 273 199 368 348 264 459 164 494 281 282 283 284 284 284 
318 53 314 428 285 428 201 205 289 46 294 166 285 285 285 292 298 287 
323 54 319 322 290 378 369 202 377 47 299 167 286 286 286 293 286 293 
291 59 55 442 287 442 370 203 381 48 303 168 287 287 287 285 292 298 
330 56 324 445 288 445 371 204 384 0 288 0 291 290 289 294 299 303 
332 57 325 447 289 447 285 201 205 50 307 170 288 291 290 295 300 304 
333 58 326 378 286 322 373 206 387 51 308 171 289 288 291 296 301 305 
59 55 287 449 291 449 374 207 388 52 309 172 290 289 288 297 302 306 
338 60 334 337 296 393 208 216 300 292 292 292 292 292 292 298 287 285 
297 65 61 462 293 462 209 220 304 293 293 293 293 293 293 286 293 286 
345 62 339 465 294 465 210 223 307 166 285 46 297 296 295 299 303 288 
347 63 340 467 295 467 166 211 170 295 295 295 294 297 296 300 304 289 
348 64 341 393 292 337 212 226 310 296 296 296 295 294 297 301 305 290 
65 61 293 469 297 469 213 227 311 297 297 297 296 295 294 302 306 291 
302 70 66 351 305 407 390 214 406 298 298 298 298 298 298 287 285 292 
355 67 349 354 308 410 391 215 409 167 286 47 302 301 300 303 288 294 
357 68 350 356 310 412 292 208 216 300 300 300 299 302 301 304 289 295 
358 69 351 301 301 301 393 217 412 301 301 301 300 299 302 305 290 296 
70 66 298 358 312 414 394 218 413 302 302 302 301 300 299 306 291 297 
309 77 71 481 303 481 395 219 415 168 287 48 306 305 304 288 294 299 
311 79 72 483 304 483 293 209 220 304 304 304 303 306 305 289 295 300 
312 80 73 407 298 351 397 221 418 305 305 305 304 303 306 290 296 301 
52 74 48 485 306 485 398 222 419 306 306 306 305 304 303 291 297 302 
366 75 359 486 307 486 294 210 223 170 289 50 309 312 310 307 307 307 
367 76 360 410 299 354 400 224 421 171 290 51 311 308 311 308 308 308 
77 71 303 488 309 488 401 225 422 172 291 52 312 310 307 309 309 309 
368 78 362 412 300 356 296 212 226 310 310 310 307 309 312 310 310 310 
79 72 304 489 311 489 297 213 227 311 311 311 308 311 308 311 311 311 
80 73 305 414 302 358 404 228 424 312 312 312 310 307 309 312 312 312 
313 313 313 317 373 369 229 237 321 60 335 180 313 313 313 334 319 314 
285 318 53 432 370 425 230 241 325 61 339 181 314 314 314 313 334 319 
315 315 315 435 371 426 231 244 328 2 315 2 318 317 316 335 349 324 
316 316 316 437 372 427 173 232 177 63 343 183 315 318 317 336 350 325 
317 317 317 373 369 313 233 247 331 64 344 184 316 315 318 337 351 326 
53 314 285 439 374 429 234 248 332 65 345 185 317 316 315 338 352 327 
286 323 54 326 382 375 425 235 441 66 349 186 319 319 319 314 313 334 
320 320 320 329 385 376 426 236 444 3 320 3 323 322 321 339 320 339 
321 321 321 331 387 377 313 229 237 68 353 188 320 323 322 340 321 340 
322 322 322 290 378 286 428 238 447 69 354 189 321 320 323 341 322 341 
54 319 286 333 389 379 429 239 448 70 355 190 322 321 320 342 323 342 
288 330 56 451 380 440 430 240 450 4 324 4 327 326 325 315 335 349 
289 332 57 453 381 441 314 230 241 72 359 192 324 327 326 316 336 350 
290 333 58 382 375 319 432 242 453 73 360 193 325 324 327 317 337 351 
45 327 45 455 383 443 433 243 454 74 361 194 326 325 324 318 338 352 
328 328 328 456 384 444 315 231 244 6 328 6 330 333 331 343 353 359 
329 329 329 385 376 320 435 245 456 7 329 7 332 329 332 344 354 360 
56 324 288 458 386 446 436 246 457 8 330 8 333 331 328 345 355 361 
331 331 331 387 377 321 317 233 247 78 365 198 328 330 333 346 356 362 
57 325 289 459 388 448 318 234 248 79 366 199 329 332 329 347 357 363 
58 326 290 389 379 323 439 249 459 80 367 200 331 328 330 348 358 364 
292 338 60 341 397 390 250 266 350 334 334 334 334 334 334 319 314 313 
335 335 335 344 400 391 251 269 353 180 313 60 338 337 336 349 324 315 
336 336 336 346 402 392 180 252 188 336 336 336 335 338 337 350 325 316 
337 337 337 296 393 292 253 272 356 337 337 337 336 335 338 351 326 317 
60 334 292 348 404 394 254 273 357 338 338 338 337 336 335 352 327 318 
294 345 62 471 395 460 255 275 359 181 314 61 342 341 340 320 339 320 
295 347 63 473 396 461 181 256 192 340 340 340 339 342 341 321 340 321 
296 348 64 397 390 334 257 278 362 341 341 341 340 339 342 322 341 322 
46 342 46 475 398 463 258 279 363 342 342 342 341 340 339 323 342 323 
343 343 343 476 399 464 182 259 195 183 316 63 345 348 346 353 359 328 
344 344 344 400 391 335 260 281 365 184 317 64 347 344 347 354 360 329 
62 339 294 478 401 466 261 282 366 185 318 65 348 346 343 355 361 330 
346 346 346 402 392 336 184 262 198 346 346 346 343 345 348 356 362 331 
63 340 295 479 403 468 185 263 199 347 347 347 344 347 344 357 363 332 
64 341 296 404 394 338 264 284 368 348 348 348 346 343 345 358 364 333 
299 355 67 360 416 405 460 265 480 186 319 66 352 351 350 324 315 335 
300 357 68 362 418 406 334 250 266 350 350 350 349 352 351 325 316 336 
301 358 69 305 407 298 462 267 483 351 351 351 350 349 352 326 317 337 
47 352 47 364 420 408 463 268 484 352 352 352 351 350 349 327 318 338 
353 353 353 365 421 409 335 251 269 188 321 68 355 358 356 359 328 343 
354 354 354 308 410 299 465 270 486 189 322 69 357 354 357 360 329 344 
67 349 299 367 423 411 466 271 487 190 323 70 358 356 353 361 330 345 
356 356 356 310 412 300 337 253 272 356 356 356 353 355 358 362 331 346 
68 350 300 368 424 413 338 254 273 357 357 357 354 357 354 363 332 347 
69 351 301 312 414 302 469 274 489 358 358 358 356 353 355 364 333 348 
307 366 75 490 415 480 339 255 275 192 325 72 361 364 362 328 343 353 
308 367 76 416 405 349 471 276 490 193 326 73 363 360 363 329 344 354 
49 361 49 492 417 482 472 277 491 194 327 74 364 362 359 330 345 355 
310 368 78 418 406 350 341 257 278 362 362 362 359 361 364 331 346 356 
50 363 50 493 419 484 342 258 279 363 363 363 360 363 360 332 347 357 
51 364 51 420 408 352 475 280 493 364 364 364 362 359 361 333 348 358 
365 365 365 421 409 353 344 260 281 198 331 78 366 367 368 365 365 365 
75 359 307 494 422 487 345 261 282 199 332 79 367 368 365 366 366 366 
76 360 308 423 411 355 478 283 494 200 333 80 368 365 366 367 367 367 
78 362 310 424 413 357 348 264 284 368 368 368 365 366 367 368 368 368 
429 109 425 313 317 373 202 377 286 88 391 208 369 369 369 390 375 370 
374 114 110 425 314 432 203 381 287 89 395 209 370 370 370 369 390 375 
436 111 430 426 315 435 204 384 288 10 371 10 374 373 372 391 405 380 
438 112 431 427 316 437 165 372 165 91 399 211 371 374 373 392 406 381 
439 113 432 369 313 317 206 387 290 92 400 212 372 371 374 393 407 382 
114 110 370 429 318 439 207 388 291 93 401 213 373 372 371 394 408 383 
379 119 115 319 326 382 375 375 375 94 405 214 375 375 375 370 369 390 
446 116 440 320 329 385 376 376 376 11 376 11 379 378 377 395 376 395 
448 117 441 321 331 387 286 369 202 96 409 216 376 379 378 396 377 396 
449 118 442 286 322 290 378 378 378 97 410 217 377 376 379 397 378 397 
119 115 375 323 333 389 379 379 379 98 411 218 378 377 376 398 379 398 
386 126 120 440 324 451 380 380 380 12 380 12 383 382 381 371 391 405 
388 128 121 441 325 453 287 370 203 100 415 220 380 383 382 372 392 406 
389 129 122 375 319 326 382 382 382 101 416 221 381 380 383 373 393 407 
87 123 83 443 327 455 383 383 383 102 417 222 382 381 380 374 394 408 
457 124 450 444 328 456 288 371 204 14 384 14 386 389 387 399 409 415 
458 125 451 376 320 329 385 385 385 15 385 15 388 385 388 400 410 416 
126 120 380 446 330 458 386 386 386 16 386 16 389 387 384 401 411 417 
459 127 453 377 321 331 290 373 206 106 421 226 384 386 389 402 412 418 
128 121 381 448 332 459 291 374 207 107 422 227 385 388 385 403 413 419 
129 122 382 379 323 333 389 389 389 108 423 228 387 384 386 404 414 420 
394 134 130 334 341 397 214 406 298 390 390 390 390 390 390 375 370 369 
466 131 460 335 344 400 215 409 299 208 369 88 394 393 392 405 380 371 
468 132 461 336 346 402 167 392 167 392 392 392 391 394 393 406 381 372 
469 133 462 292 337 296 217 412 301 393 393 393 392 391 394 407 382 373 
134 130 390 338 348 404 218 413 302 394 394 394 393 392 391 408 383 374 
401 141 135 460 339 471 219 415 303 209 370 89 398 397 396 376 395 376 
403 143 136 461 340 473 168 396 168 396 396 396 395 398 397 377 396 377 
404 144 137 390 334 341 221 418 305 397 397 397 396 395 398 378 397 378 
93 138 89 463 342 475 222 419 306 398 398 398 397 396 395 379 398 379 
477 139 470 464 343 476 169 399 169 211 372 91 401 404 402 409 415 384 
478 140 471 391 335 344 224 421 308 212 373 92 403 400 403 410 416 385 
141 135 395 466 345 478 225 422 309 213 374 93 404 402 399 411 417 386 
479 142 473 392 336 346 171 402 171 402 402 402 399 401 404 412 418 387 
143 136 396 468 347 479 172 403 172 403 403 403 400 403 400 413 419 388 
144 137 397 394 338 348 228 424 312 404 404 404 402 399 401 414 420 389 
411 151 145 349 360 416 405 405 405 214 375 94 408 407 406 380 371 391 
413 153 146 350 362 418 298 390 214 406 406 406 405 408 407 381 372 392 
414 154 147 298 351 305 407 407 407 407 407 407 406 405 408 382 373 393 
98 148 94 352 364 420 408 408 408 408 408 408 407 406 405 383 374 394 
487 149 480 353 365 421 299 391 215 216 377 96 411 414 412 415 384 399 
488 150 481 299 354 308 410 410 410 217 378 97 413 410 413 416 385 400 
151 145 405 355 367 423 411 411 411 218 379 98 414 412 409 417 386 401 
489 152 483 300 356 310 301 393 217 412 412 412 409 411 414 418 387 402 
153 146 406 357 368 424 302 394 218 413 413 413 410 413 410 419 388 403 
154 147 407 302 358 312 414 414 414 414 414 414 412 409 411 420 389 404 
422 162 155 480 359 490 303 395 219 220 381 100 417 420 418 384 399 409 
423 163 156 405 349 360 416 416 416 221 382 101 419 416 419 385 400 410 
105 157 99 482 361 492 417 417 417 222 383 102 420 418 415 386 401 411 
424 164 158 406 350 362 305 397 221 418 418 418 415 417 420 387 402 412 
107 159 100 484 363 493 306 398 222 419 419 419 416 419 416 388 403 413 
108 160 101 408 352 364 420 420 420 420 420 420 418 415 417 389 404 414 
494 161 490 409 353 365 308 400 224 226 387 106 422 423 424 421 421 421 
162 155 415 487 366 494 309 401 225 227 388 107 423 424 421 422 422 422 
163 156 416 411 355 367 423 423 423 228 389 108 424 421 422 423 423 423 
164 158 418 413 357 368 312 404 228 424 424 424 421 422 423 424 424 424 
369 429 109 314 432 370 235 441 319 130 460 250 425 425 425 425 425 425 
426 426 426 315 435 371 236 444 320 24 426 24 429 428 427 460 440 430 
427 427 427 316 437 372 174 427 174 132 464 252 426 429 428 461 441 431 
428 428 428 285 428 285 238 447 322 133 465 253 427 426 429 462 442 432 
109 425 369 318 439 374 239 448 323 134 466 254 428 427 426 463 443 433 
371 436 111 430 430 430 240 450 324 25 430 25 433 432 431 426 460 440 
372 438 112 431 431 431 175 431 175 136 470 256 430 433 432 427 461 441 
373 439 113 370 425 314 242 453 326 137 471 257 431 430 433 428 462 442 
81 433 81 433 433 433 243 454 327 138 472 258 432 431 430 429 463 443 
434 434 434 434 434 434 176 434 176 27 434 27 436 439 437 464 480 450 
435 435 435 371 426 315 245 456 329 28 435 28 438 435 438 465 481 451 
111 430 371 436 436 436 246 457 330 29 436 29 439 437 434 466 482 452 
437 437 437 372 427 316 178 437 178 142 476 262 434 436 439 467 483 453 
112 431 372 438 438 438 179 438 179 143 477 263 435 438 435 468 484 454 
113 432 373 374 429 318 249 459 333 144 478 264 437 434 436 469 485 455 
376 446 116 324 451 380 440 440 440 30 440 30 443 442 441 430 426 460 
377 448 117 325 453 381 319 425 235 146 480 266 440 443 442 431 427 461 
378 449 118 287 442 287 442 442 442 147 481 267 441 440 443 432 428 462 
82 443 82 327 455 383 443 443 443 148 482 268 442 441 440 433 429 463 
444 444 444 328 456 384 320 426 236 32 444 32 446 449 447 470 444 470 
445 445 445 288 445 288 445 445 445 33 445 33 448 445 448 471 445 471 
116 440 376 330 458 386 446 446 446 34 446 34 449 447 444 472 446 472 
447 447 447 289 447 289 322 428 238 152 486 272 444 446 449 473 447 473 
117 441 377 332 459 388 323 429 239 153 487 273 445 448 445 474 448 474 
118 442 378 291 449 291 449 449 449 154 488 274 447 444 446 475 449 475 
384 457 124 450 450 450 324 430 240 36 450 36 452 455 453 434 464 480 
385 458 125 380 440 324 451 451 451 37 451 37 454 451 454 435 465 481 
84 452 84 452 452 452 452 452 452 38 452 38 455 453 450 436 466 482 
387 459 127 381 441 325 326 432 242 158 490 278 450 452 455 437 467 483 
85 454 85 454 454 454 327 433 243 159 491 279 451 454 451 438 468 484 
86 455 86 383 443 327 455 455 455 160 492 280 453 450 452 439 469 485 
456 456 456 384 444 328 329 435 245 42 456 42 457 458 459 476 486 490 
124 450 384 457 457 457 330 436 246 43 457 43 458 459 456 477 487 491 
125 451 385 386 446 330 458 458 458 44 458 44 459 456 457 478 488 492 
127 453 387 388 448 332 333 439 249 164 494 284 456 457 458 479 489 493 
391 466 131 339 471 395 265 480 349 250 425 130 463 462 461 440 430 426 
392 468 132 340 473 396 186 461 186 461 461 461 460 463 462 441 431 427 
393 469 133 293 462 293 267 483 351 462 462 462 461 460 463 442 432 428 
88 463 88 342 475 398 268 484 352 463 463 463 462 461 460 443 433 429 
464 464 464 343 476 399 187 464 187 252 427 132 466 469 467 480 450 434 
465 465 465 294 465 294 270 486 354 253 428 133 468 465 468 481 451 435 
131 460 391 345 478 401 271 487 355 254 429 134 469 467 464 482 452 436 
467 467 467 295 467 295 189 467 189 467 467 467 464 466 469 483 453 437 
132 461 392 347 479 403 190 468 190 468 468 468 465 468 465 484 454 438 
133 462 393 297 469 297 274 489 358 469 469 469 467 464 466 485 455 439 
399 477 139 470 470 470 191 470 191 256 431 136 472 475 473 444 470 444 
400 478 140 395 460 339 276 490 360 257 432 137 474 471 474 445 471 445 
90 472 90 472 472 472 277 491 361 258 433 138 475 473 470 446 472 446 
402 479 142 396 461 340 193 473 193 473 473 473 470 472 475 447 473 447 
91 474 91 474 474 474 194 474 194 474 474 474 471 474 471 448 474 448 
92 475 92 398 463 342 280 493 364 475 475 475 473 470 472 449 475 449 
476 476 476 399 464 343 196 476 196 262 437 142 477 478 479 486 490 456 
139 470 399 477 477 477 197 477 197 263 438 143 478 479 476 487 491 457 
140 471 400 401 466 345 283 494 367 264 439 144 479 476 477 488 492 458 
142 473 402 403 468 347 200 479 200 479 479 479 476 477 478 489 493 459 
409 487 149 359 490 415 349 460 265 266 441 146 482 485 483 450 434 464 
410 488 150 303 481 303 481 481 481 267 442 147 484 481 484 451 435 465 
95 482 95 361 492 417 482 482 482 268 443 148 485 483 480 452 436 466 
412 489 152 304 483 304 351 462 267 483 483 483 480 482 485 453 437 467 
96 484 96 363 493 419 352 463 268 484 484 484 481 484 481 454 438 468 
97 485 97 306 485 306 485 485 485 485 485 485 483 480 482 455 439 469 
486 486 486 307 486 307 354 465 270 272 447 152 487 488 489 490 456 476 
149 480 409 366 494 422 355 466 271 273 448 153 488 489 486 491 457 477 
150 481 410 309 488 309 488 488 488 274 449 154 489 486 487 492 458 478 
152 483 412 311 489 311 358 469 274 489 489 489 486 487 488 493 459 479 
421 494 161 415 480 359 360 471 276 278 453 158 491 492 493 456 476 486 
103 491 103 491 491 491 361 472 277 279 454 159 492 493 490 457 477 487 
104 492 104 417 482 361 492 492 492 280 455 160 493 490 491 458 478 488 
106 493 106 419 484 363 364 475 280 493 493 493 490 491 492 459 479 489 
161 490 421 422 487 366 367 478 283 284 459 164 494 494 494 494 494 494 
